{
   "name": "H",
   "Z": 1,
   "weight": 1.008,
   "density": 8.987e-05,
   "edges": 0,
   "E_edges": [],
   "f_relH82": -0.00010519,
   "f_rel35CL": 0.0,
   "f_NT": -0.00054423
}