{
   "name": "He",
   "Z": 2,
   "weight": 4.003,
   "density": 0.0001664,
   "edges": 0,
   "E_edges": [],
   "f_relH82": -0.00042952,
   "f_rel35CL": 0.0,
   "f_NT": -0.00054817
}