{
"name": "CorticalBone(ICRP)",
"density": 1,
"method": "weight",
"elements": {
	"H": 0.047234,
    "C": 0.144330,
    "N": 0.041990,
	"O": 0.446096,
    "Mg": 0.002200,
    "P": 0.104970,
	"S": 0.003150,
    "Ca": 0.209930,
	"Fe": 0.000100
	}
}
